ic_name,period,flow,numberoflines,lineefficiency,periodproduction,finalinventory
ic_1,t_1,440.0,10.0,42,420.0,480.0
ic_1,t_2,604.0,10.5,42,441.0,317.0
ic_1,t_3,636.0,11.0,42,462.0,143.0
ic_1,t_4,568.5,11.5,42,483.0,57.5
ic_1,t_5,503.0,12.0,42,504.0,58.5
ic_1,t_6,484.0,12.5,42,525.0,99.5
ic_1,t_7,624.0,13.0,42,546.0,21.5
ic_1,t_8,588.5,13.5,42,567.0,0.0
ic_1,t_9,588.0,14.0,42,588.0,0.0
ic_1,t_10,606.0,14.5,42,609.0,3.0
ic_1,t_11,633.0,15.0,42,630.0,0.0
ic_1,t_12,644.0,15.5,42,651.0,7.0
ic_1,t_13,637.0,16.0,42,672.0,42.0
ic_1,t_14,669.0,16.5,42,693.0,66.0
ic_1,t_15,704.0,17.0,42,714.0,76.0
ic_1,t_16,777.0,17.5,42,735.0,34.0
ic_1,t_17,735.0,18.0,42,756.0,55.0
ic_1,t_18,699.0,17.5,42,735.0,91.0
ic_1,t_19,717.0,18.0,42,756.0,130.0
ic_1,t_20,699.0,17.5,42,735.0,166.0
ic_1,t_21,717.0,18.0,42,756.0,205.0
ic_1,t_22,699.0,17.5,42,735.0,241.0
ic_1,t_23,717.0,17.5,42,735.0,259.0
ic_1,t_24,699.0,17.0,42,714.0,274.0
ic_1,t_25,695.0,17.5,42,735.0,314.0
ic_1,t_26,691.0,17.5,42,735.0,358.0
ic_1,t_27,687.0,17.0,42,714.0,385.0
ic_1,t_28,683.0,17.0,42,714.0,416.0
ic_1,t_29,685.0,17.0,42,714.0,445.0
ic_1,t_30,684.0,17.0,42,714.0,475.0
ic_1,t_31,683.0,16.5,42,693.0,485.0
ic_1,t_32,682.0,17.0,42,714.0,517.0
ic_1,t_33,683.0,16.5,42,693.0,527.0
ic_1,t_34,683.0,16.5,42,693.0,537.0
ic_1,t_35,683.0,16.0,42,672.0,526.0
ic_1,t_36,683.0,16.5,42,693.0,536.0
ic_1,t_37,676.0,16.0,42,672.0,532.0
ic_1,t_38,683.0,16.5,42,693.0,542.0
ic_1,t_39,680.0,16.0,42,672.0,534.0
ic_1,t_40,677.0,16.0,42,672.0,529.0
ic_1,t_41,684.0,16.5,42,693.0,538.0
ic_1,t_42,676.0,16.0,42,672.0,534.0
ic_1,t_43,683.0,16.5,42,693.0,544.0
ic_1,t_44,680.0,16.0,42,672.0,536.0
ic_1,t_45,677.0,16.0,42,672.0,531.0
ic_1,t_46,684.0,16.5,42,693.0,540.0
ic_1,t_47,676.0,16.0,42,672.0,536.0
ic_1,t_48,683.0,16.5,42,693.0,546.0
ic_2,t_1,180.0,6.0,34,204.0,394.0
ic_2,t_2,171.0,6.25,34,212.5,435.5
ic_2,t_3,180.0,6.5,34,221.0,476.5
ic_2,t_4,171.0,6.25,34,212.5,518.0
ic_2,t_5,180.0,6.0,34,204.0,542.0
ic_2,t_6,216.0,5.75,34,195.5,521.5
ic_2,t_7,166.0,5.5,34,187.0,542.5
ic_2,t_8,162.0,5.25,34,178.5,559.0
ic_2,t_9,158.0,5.0,34,170.0,571.0
ic_2,t_10,186.0,4.75,34,161.5,546.5
ic_2,t_11,159.0,4.5,34,153.0,540.5
ic_2,t_12,164.0,4.25,34,144.5,521.0
ic_2,t_13,160.0,4.5,34,153.0,514.0
ic_2,t_14,144.0,4.75,34,161.5,531.5
ic_2,t_15,152.0,5.0,34,170.0,549.5
ic_2,t_16,168.0,5.25,34,178.5,560.0
ic_2,t_17,185.0,5.25,34,178.5,553.5
ic_2,t_18,176.0,5.25,34,178.5,556.0
ic_2,t_19,185.0,5.5,34,187.0,558.0
ic_2,t_20,176.0,5.25,34,178.5,560.5
ic_2,t_21,185.0,5.5,34,187.0,562.5
ic_2,t_22,176.0,5.25,34,178.5,565.0
ic_2,t_23,185.0,5.5,34,187.0,567.0
ic_2,t_24,176.0,5.25,34,178.5,569.5
ic_2,t_25,175.0,5.25,34,178.5,573.0
ic_2,t_26,174.0,5.0,34,170.0,569.0
ic_2,t_27,173.0,4.75,34,161.5,557.5
ic_2,t_28,172.0,4.5,34,153.0,538.5
ic_2,t_29,171.0,4.25,34,144.5,512.0
ic_2,t_30,170.0,4.5,34,153.0,495.0
ic_2,t_31,169.0,4.5,34,153.0,479.0
ic_2,t_32,171.0,4.75,34,161.5,469.5
ic_2,t_33,171.0,5.0,34,170.0,468.5
ic_2,t_34,171.0,5.25,34,178.5,476.0
ic_2,t_35,171.0,5.0,34,170.0,475.0
ic_2,t_36,171.0,5.0,34,170.0,474.0
ic_2,t_37,169.0,4.75,34,161.5,466.5
ic_2,t_38,172.0,5.0,34,170.0,464.5
ic_2,t_39,170.0,5.0,34,170.0,464.5
ic_2,t_40,168.0,4.75,34,161.5,458.0
ic_2,t_41,171.0,5.0,34,170.0,457.0
ic_2,t_42,169.0,4.75,34,161.5,449.5
ic_2,t_43,172.0,5.0,34,170.0,447.5
ic_2,t_44,170.0,5.0,34,170.0,447.5
ic_2,t_45,168.0,5.0,34,170.0,449.5
ic_2,t_46,171.0,5.25,34,178.5,457.0
ic_2,t_47,169.0,5.0,34,170.0,458.0
ic_2,t_48,172.0,5.25,34,178.5,464.5
ic_3,t_1,140.0,6.0,38,228.0,468.0
ic_3,t_2,147.0,6.2,38,235.6,556.6
ic_3,t_3,155.0,6.2,38,235.6,637.2
ic_3,t_4,163.0,6.0,38,228.0,702.2
ic_3,t_5,172.0,5.8,38,220.4,750.6
ic_3,t_6,181.0,5.6,38,212.79999999999998,782.4
ic_3,t_7,176.0,5.4,38,205.20000000000002,811.6
ic_3,t_8,171.0,5.2,38,197.6,838.2
ic_3,t_9,166.0,5.0,38,190.0,862.2
ic_3,t_10,162.0,4.8,38,182.4,882.6
ic_3,t_11,158.0,4.6,38,174.79999999999998,899.4
ic_3,t_12,163.0,4.4,38,167.20000000000002,903.6
ic_3,t_13,159.0,4.2,38,159.6,904.2
ic_3,t_14,175.0,4.4,38,167.20000000000002,896.4
ic_3,t_15,184.0,4.6,38,174.79999999999998,887.2
ic_3,t_16,203.0,4.8,38,182.4,866.6
ic_3,t_17,183.0,4.6,38,174.79999999999998,858.4
ic_3,t_18,174.0,4.4,38,167.20000000000002,851.6
ic_3,t_19,183.0,4.6,38,174.79999999999998,843.4
ic_3,t_20,174.0,4.4,38,167.20000000000002,836.6
ic_3,t_21,183.0,4.2,38,159.6,813.2
ic_3,t_22,174.0,4.0,38,152.0,791.2
ic_3,t_23,183.0,3.8,38,144.4,752.6
ic_3,t_24,174.0,3.6,38,136.8,715.4
ic_3,t_25,173.0,3.6,38,136.8,679.2
ic_3,t_26,172.0,3.6,38,136.8,644.0
ic_3,t_27,171.0,3.6,38,136.8,609.8
ic_3,t_28,170.0,3.6,38,136.8,576.6
ic_3,t_29,169.0,3.8,38,144.4,552.0
ic_3,t_30,171.0,4.0,38,152.0,533.0
ic_3,t_31,170.0,4.2,38,159.6,522.6
ic_3,t_32,169.0,4.4,38,167.20000000000002,520.8
ic_3,t_33,170.0,4.6,38,174.79999999999998,525.6
ic_3,t_34,170.0,4.6,38,174.79999999999998,530.4
ic_3,t_35,170.0,4.6,38,174.79999999999998,535.2
ic_3,t_36,170.0,4.4,38,167.20000000000002,532.4
ic_3,t_37,168.0,4.2,38,159.6,524.0
ic_3,t_38,171.0,4.4,38,167.20000000000002,520.2
ic_3,t_39,169.0,4.4,38,167.20000000000002,518.4
ic_3,t_40,172.0,4.4,38,167.20000000000002,513.6
ic_3,t_41,170.0,4.6,38,174.79999999999998,518.4
ic_3,t_42,168.0,4.4,38,167.20000000000002,517.6
ic_3,t_43,171.0,4.6,38,174.79999999999998,521.4
ic_3,t_44,169.0,4.6,38,174.79999999999998,527.2
ic_3,t_45,172.0,4.4,38,167.20000000000002,522.4
ic_3,t_46,170.0,4.6,38,174.79999999999998,527.2
ic_3,t_47,168.0,4.4,38,167.20000000000002,526.4
ic_3,t_48,171.0,4.6,38,174.79999999999998,530.2
ic_4,t_1,300.0,7.0,23,161.0,341.0
ic_4,t_2,158.0,7.5,23,172.5,355.5
ic_4,t_3,166.0,8.0,23,184.0,373.5
ic_4,t_4,276.5,8.5,23,195.5,292.5
ic_4,t_5,368.0,9.0,23,207.0,131.5
ic_4,t_6,350.0,9.5,23,218.5,0.0
ic_4,t_7,230.0,10.0,23,230.0,0.0
ic_4,t_8,241.5,10.5,23,241.5,0.0
ic_4,t_9,229.0,10.0,23,230.0,1.0
ic_4,t_10,191.0,9.5,23,218.5,28.5
ic_4,t_11,162.0,9.0,23,207.0,73.5
ic_4,t_12,158.0,8.5,23,195.5,111.0
ic_4,t_13,163.0,8.0,23,184.0,132.0
ic_4,t_14,147.0,8.5,23,195.5,180.5
ic_4,t_15,155.0,9.0,23,207.0,232.5
ic_4,t_16,171.0,9.5,23,218.5,280.0
ic_4,t_17,189.0,9.5,23,218.5,309.5
ic_4,t_18,180.0,9.0,23,207.0,336.5
ic_4,t_19,171.0,9.5,23,218.5,384.0
ic_4,t_20,180.0,9.0,23,207.0,411.0
ic_4,t_21,171.0,9.0,23,207.0,447.0
ic_4,t_22,180.0,8.5,23,195.5,462.5
ic_4,t_23,171.0,9.0,23,207.0,498.5
ic_4,t_24,180.0,8.5,23,195.5,514.0
ic_4,t_25,179.0,8.0,23,184.0,519.0
ic_4,t_26,178.0,8.0,23,184.0,525.0
ic_4,t_27,177.0,8.0,23,184.0,532.0
ic_4,t_28,176.0,7.5,23,172.5,528.5
ic_4,t_29,175.0,7.0,23,161.0,514.5
ic_4,t_30,174.0,6.5,23,149.5,490.0
ic_4,t_31,173.0,6.5,23,149.5,466.5
ic_4,t_32,172.0,7.0,23,161.0,455.5
ic_4,t_33,172.0,7.5,23,172.5,456.0
ic_4,t_34,172.0,7.5,23,172.5,456.5
ic_4,t_35,172.0,7.5,23,172.5,457.0
ic_4,t_36,172.0,7.5,23,172.5,457.5
ic_4,t_37,170.0,7.0,23,161.0,448.5
ic_4,t_38,168.0,7.5,23,172.5,453.0
ic_4,t_39,171.0,7.0,23,161.0,443.0
ic_4,t_40,169.0,7.5,23,172.5,446.5
ic_4,t_41,172.0,7.5,23,172.5,447.0
ic_4,t_42,170.0,7.0,23,161.0,438.0
ic_4,t_43,168.0,7.5,23,172.5,442.5
ic_4,t_44,171.0,7.5,23,172.5,444.0
ic_4,t_45,169.0,7.5,23,172.5,447.5
ic_4,t_46,172.0,7.5,23,172.5,448.0
ic_4,t_47,170.0,7.0,23,161.0,439.0
ic_4,t_48,168.0,7.5,23,172.5,443.5
ic_5,t_1,500.0,12.0,40,480.0,480.0
ic_5,t_2,491.0,12.25,40,490.0,479.0
ic_5,t_3,517.0,12.5,40,500.0,462.0
ic_5,t_4,526.0,12.75,40,510.0,446.0
ic_5,t_5,535.0,12.5,40,500.0,411.0
ic_5,t_6,526.0,12.25,40,490.0,375.0
ic_5,t_7,511.0,12.0,40,480.0,344.0
ic_5,t_8,497.0,11.75,40,470.0,317.0
ic_5,t_9,484.0,11.5,40,460.0,293.0
ic_5,t_10,458.0,11.25,40,450.0,285.0
ic_5,t_11,478.0,11.0,40,440.0,247.0
ic_5,t_12,484.0,11.25,40,450.0,213.0
ic_5,t_13,481.0,11.5,40,460.0,192.0
ic_5,t_14,465.0,11.75,40,470.0,197.0
ic_5,t_15,490.0,12.0,40,480.0,187.0
ic_5,t_16,541.0,12.25,40,490.0,136.0
ic_5,t_17,556.0,12.5,40,500.0,80.0
ic_5,t_18,529.0,12.75,40,510.0,61.0
ic_5,t_19,538.0,13.0,40,520.0,43.0
ic_5,t_20,529.0,13.0,40,520.0,34.0
ic_5,t_21,538.0,13.25,40,530.0,26.0
ic_5,t_22,529.0,13.0,40,520.0,17.0
ic_5,t_23,538.0,13.25,40,530.0,9.0
ic_5,t_24,529.0,13.0,40,520.0,0.0
ic_5,t_25,526.0,13.25,40,530.0,4.0
ic_5,t_26,523.0,13.5,40,540.0,21.0
ic_5,t_27,520.0,13.75,40,550.0,51.0
ic_5,t_28,517.0,14.0,40,560.0,94.0
ic_5,t_29,517.0,14.25,40,570.0,147.0
ic_5,t_30,514.0,14.25,40,570.0,203.0
ic_5,t_31,511.0,14.25,40,570.0,262.0
ic_5,t_32,514.0,14.0,40,560.0,308.0
ic_5,t_33,514.0,13.75,40,550.0,344.0
ic_5,t_34,514.0,13.5,40,540.0,370.0
ic_5,t_35,514.0,13.25,40,530.0,386.0
ic_5,t_36,514.0,13.0,40,520.0,392.0
ic_5,t_37,508.0,12.75,40,510.0,394.0
ic_5,t_38,512.0,13.0,40,520.0,402.0
ic_5,t_39,511.0,12.75,40,510.0,401.0
ic_5,t_40,505.0,12.5,40,500.0,396.0
ic_5,t_41,514.0,12.75,40,510.0,392.0
ic_5,t_42,508.0,12.5,40,500.0,384.0
ic_5,t_43,512.0,12.75,40,510.0,382.0
ic_5,t_44,511.0,12.75,40,510.0,381.0
ic_5,t_45,505.0,12.75,40,510.0,386.0
ic_5,t_46,514.0,13.0,40,520.0,392.0
ic_5,t_47,508.0,12.75,40,510.0,394.0
ic_5,t_48,512.0,13.0,40,520.0,402.0
ic_6,t_1,490.0,12.0,35,420.0,430.0
ic_6,t_2,480.0,12.5,35,437.5,387.5
ic_6,t_3,506.0,13.0,35,455.0,336.5
ic_6,t_4,514.0,13.5,35,472.5,295.0
ic_6,t_5,523.0,14.0,35,490.0,262.0
ic_6,t_6,532.0,14.5,35,507.5,237.5
ic_6,t_7,517.0,14.0,35,490.0,210.5
ic_6,t_8,503.0,13.5,35,472.5,180.0
ic_6,t_9,489.0,13.0,35,455.0,146.0
ic_6,t_10,486.0,12.5,35,437.5,97.5
ic_6,t_11,474.0,13.0,35,455.0,78.5
ic_6,t_12,489.0,13.5,35,472.5,62.0
ic_6,t_13,477.0,14.0,35,490.0,75.0
ic_6,t_14,493.0,14.5,35,507.5,89.5
ic_6,t_15,519.0,15.0,35,525.0,95.5
ic_6,t_16,573.0,15.5,35,542.5,65.0
ic_6,t_17,550.0,15.5,35,542.5,57.5
ic_6,t_18,523.0,15.0,35,525.0,59.5
ic_6,t_19,550.0,15.5,35,542.5,52.0
ic_6,t_20,523.0,15.0,35,525.0,54.0
ic_6,t_21,550.0,15.5,35,542.5,46.5
ic_6,t_22,523.0,15.0,35,525.0,48.5
ic_6,t_23,550.0,15.5,35,542.5,41.0
ic_6,t_24,523.0,15.0,35,525.0,43.0
ic_6,t_25,520.0,15.5,35,542.5,65.5
ic_6,t_26,517.0,16.0,35,560.0,108.5
ic_6,t_27,514.0,16.5,35,577.5,172.0
ic_6,t_28,511.0,16.5,35,577.5,238.5
ic_6,t_29,511.0,16.5,35,577.5,305.0
ic_6,t_30,511.0,16.0,35,560.0,354.0
ic_6,t_31,508.0,15.5,35,542.5,388.5
ic_6,t_32,511.0,15.0,35,525.0,402.5
ic_6,t_33,512.0,14.5,35,507.5,398.0
ic_6,t_34,512.0,15.0,35,525.0,411.0
ic_6,t_35,512.0,14.5,35,507.5,406.5
ic_6,t_36,512.0,14.5,35,507.5,402.0
ic_6,t_37,506.0,14.5,35,507.5,403.5
ic_6,t_38,515.0,15.0,35,525.0,413.5
ic_6,t_39,509.0,14.5,35,507.5,412.0
ic_6,t_40,508.0,14.5,35,507.5,411.5
ic_6,t_41,512.0,15.0,35,525.0,424.5
ic_6,t_42,506.0,14.5,35,507.5,426.0
ic_6,t_43,515.0,15.0,35,525.0,436.0
ic_6,t_44,509.0,14.5,35,507.5,434.5
ic_6,t_45,508.0,14.5,35,507.5,434.0
ic_6,t_46,512.0,15.0,35,525.0,447.0
ic_6,t_47,506.0,14.5,35,507.5,448.5
ic_6,t_48,515.0,15.0,35,525.0,458.5
ic_7,t_1,145.0,6.0,43,258.0,488.0
ic_7,t_2,153.0,6.2,43,266.6,601.6
ic_7,t_3,161.0,6.0,43,258.0,698.6
ic_7,t_4,170.0,5.8,43,249.4,778.0
ic_7,t_5,179.0,5.6,43,240.79999999999998,839.8
ic_7,t_6,188.0,5.4,43,232.20000000000002,884.0
ic_7,t_7,183.0,5.2,43,223.6,924.6
ic_7,t_8,178.0,5.0,43,215.0,961.6
ic_7,t_9,173.0,4.8,43,206.4,995.0
ic_7,t_10,168.0,4.6,43,197.79999999999998,1024.8
ic_7,t_11,163.0,4.4,43,189.20000000000002,1051.0
ic_7,t_12,159.0,4.2,43,180.6,1072.6
ic_7,t_13,164.0,4.0,43,172.0,1080.6
ic_7,t_14,148.0,4.2,43,180.6,1113.2
ic_7,t_15,156.0,4.4,43,189.20000000000002,1146.4
ic_7,t_16,172.0,4.6,43,197.79999999999998,1172.2
ic_7,t_17,190.0,4.4,43,189.20000000000002,1171.4
ic_7,t_18,181.0,4.2,43,180.6,1171.0
ic_7,t_19,172.0,4.0,43,172.0,1171.0
ic_7,t_20,181.0,3.8,43,163.4,1153.4
ic_7,t_21,172.0,3.6,43,154.8,1136.2
ic_7,t_22,181.0,3.4,43,146.2,1101.4
ic_7,t_23,172.0,3.2,43,137.6,1067.0
ic_7,t_24,181.0,3.0,43,129.0,1015.0
ic_7,t_25,180.0,2.8,43,120.39999999999999,955.4
ic_7,t_26,179.0,2.6,43,111.8,888.2
ic_7,t_27,178.0,2.4,43,103.2,813.4
ic_7,t_28,177.0,2.4,43,103.2,739.6
ic_7,t_29,176.0,2.6,43,111.8,675.4
ic_7,t_30,175.0,2.8,43,120.39999999999999,620.8
ic_7,t_31,174.0,3.0,43,129.0,575.8
ic_7,t_32,173.0,3.2,43,137.6,540.4
ic_7,t_33,173.0,3.4,43,146.2,513.6
ic_7,t_34,173.0,3.6,43,154.8,495.4
ic_7,t_35,173.0,3.8,43,163.4,485.8
ic_7,t_36,173.0,4.0,43,172.0,484.8
ic_7,t_37,171.0,4.2,43,180.6,494.4
ic_7,t_38,169.0,4.4,43,189.20000000000002,514.6
ic_7,t_39,172.0,4.4,43,189.20000000000002,531.8
ic_7,t_40,170.0,4.2,43,180.6,542.4
ic_7,t_41,168.0,4.2,43,180.6,555.0
ic_7,t_42,171.0,4.0,43,172.0,556.0
ic_7,t_43,169.0,4.2,43,180.6,567.6
ic_7,t_44,172.0,4.2,43,180.6,576.2
ic_7,t_45,170.0,4.0,43,172.0,578.2
ic_7,t_46,168.0,4.0,43,172.0,582.2
ic_7,t_47,171.0,3.8,43,163.4,574.6
ic_7,t_48,169.0,4.0,43,172.0,577.6
ic_8,t_1,180.0,6.0,40,240.0,360.0
ic_8,t_2,171.0,6.0,40,240.0,429.0
ic_8,t_3,180.0,6.0,40,240.0,489.0
ic_8,t_4,171.0,6.0,40,240.0,558.0
ic_8,t_5,180.0,5.75,40,230.0,608.0
ic_8,t_6,171.0,5.5,40,220.0,657.0
ic_8,t_7,166.0,5.25,40,210.0,701.0
ic_8,t_8,162.0,5.0,40,200.0,739.0
ic_8,t_9,158.0,4.75,40,190.0,771.0
ic_8,t_10,163.0,4.5,40,180.0,788.0
ic_8,t_11,159.0,4.25,40,170.0,799.0
ic_8,t_12,164.0,4.0,40,160.0,795.0
ic_8,t_13,160.0,4.0,40,160.0,795.0
ic_8,t_14,144.0,4.25,40,170.0,821.0
ic_8,t_15,152.0,4.5,40,180.0,849.0
ic_8,t_16,168.0,4.75,40,190.0,871.0
ic_8,t_17,185.0,4.5,40,180.0,866.0
ic_8,t_18,176.0,4.25,40,170.0,860.0
ic_8,t_19,185.0,4.25,40,170.0,845.0
ic_8,t_20,176.0,4.0,40,160.0,829.0
ic_8,t_21,185.0,4.25,40,170.0,814.0
ic_8,t_22,176.0,4.0,40,160.0,798.0
ic_8,t_23,185.0,4.25,40,170.0,783.0
ic_8,t_24,176.0,4.0,40,160.0,767.0
ic_8,t_25,175.0,3.75,40,150.0,742.0
ic_8,t_26,174.0,3.5,40,140.0,708.0
ic_8,t_27,173.0,3.25,40,130.0,665.0
ic_8,t_28,172.0,3.5,40,140.0,633.0
ic_8,t_29,171.0,3.5,40,140.0,602.0
ic_8,t_30,170.0,3.5,40,140.0,572.0
ic_8,t_31,169.0,3.75,40,150.0,553.0
ic_8,t_32,171.0,4.0,40,160.0,542.0
ic_8,t_33,171.0,4.25,40,170.0,541.0
ic_8,t_34,171.0,4.25,40,170.0,540.0
ic_8,t_35,171.0,4.5,40,180.0,549.0
ic_8,t_36,171.0,4.25,40,170.0,548.0
ic_8,t_37,169.0,4.0,40,160.0,539.0
ic_8,t_38,172.0,4.25,40,170.0,537.0
ic_8,t_39,170.0,4.25,40,170.0,537.0
ic_8,t_40,168.0,4.0,40,160.0,529.0
ic_8,t_41,171.0,4.25,40,170.0,528.0
ic_8,t_42,169.0,4.0,40,160.0,519.0
ic_8,t_43,172.0,4.25,40,170.0,517.0
ic_8,t_44,170.0,4.0,40,160.0,507.0
ic_8,t_45,168.0,4.0,40,160.0,499.0
ic_8,t_46,171.0,4.25,40,170.0,498.0
ic_8,t_47,169.0,4.0,40,160.0,489.0
ic_8,t_48,172.0,4.25,40,170.0,487.0
