ic_name,period,flow,numberoflines,lineefficiency,periodproduction,finalinventory
ic_1,t_1,440.0,10.0,42,420.0,480.0
ic_1,t_2,604.0,10.5,42,441.0,317.0
ic_1,t_3,595.0,11.0,42,462.0,184.0
ic_1,t_4,667.0,11.5,42,483.0,0.0
ic_1,t_5,504.0,12.0,42,504.0,0.0
ic_1,t_6,525.0,12.5,42,525.0,0.0
ic_1,t_7,546.0,13.0,42,546.0,0.0
ic_1,t_8,567.0,13.5,42,567.0,0.0
ic_1,t_9,587.0,14.0,42,588.0,1.0
ic_1,t_10,610.0,14.5,42,609.0,0.0
ic_1,t_11,630.0,15.0,42,630.0,0.0
ic_1,t_12,644.0,15.5,42,651.0,7.0
ic_1,t_13,637.0,16.0,42,672.0,42.0
ic_1,t_14,669.0,16.5,42,693.0,66.0
ic_1,t_15,704.0,17.0,42,714.0,76.0
ic_1,t_16,777.0,17.5,42,735.0,34.0
ic_1,t_17,735.0,18.0,42,756.0,55.0
ic_1,t_18,699.0,17.5,42,735.0,91.0
ic_1,t_19,717.0,18.0,42,756.0,130.0
ic_1,t_20,699.0,17.5,42,735.0,166.0
ic_1,t_21,717.0,18.0,42,756.0,205.0
ic_1,t_22,699.0,17.5,42,735.0,241.0
ic_1,t_23,717.0,18.0,42,756.0,280.0
ic_1,t_24,699.0,17.5,42,735.0,316.0
ic_1,t_25,695.0,18.0,42,756.0,377.0
ic_1,t_26,691.0,17.5,42,735.0,421.0
ic_1,t_27,687.0,17.0,42,714.0,448.0
ic_1,t_28,683.0,16.5,42,693.0,458.0
ic_1,t_29,685.0,16.5,42,693.0,466.0
ic_1,t_30,684.0,16.0,42,672.0,454.0
ic_1,t_31,683.0,15.5,42,651.0,422.0
ic_1,t_32,682.0,15.5,42,651.0,391.0
ic_1,t_33,683.0,15.5,42,651.0,359.0
ic_1,t_34,683.0,16.0,42,672.0,348.0
ic_1,t_35,683.0,16.0,42,672.0,337.0
ic_1,t_36,683.0,16.0,42,672.0,326.0
ic_1,t_37,676.0,15.5,42,651.0,301.0
ic_1,t_38,683.0,16.0,42,672.0,290.0
ic_1,t_39,680.0,16.0,42,672.0,282.0
ic_1,t_40,677.0,16.0,42,672.0,277.0
ic_1,t_41,684.0,16.5,42,693.0,286.0
ic_1,t_42,676.0,16.0,42,672.0,282.0
ic_1,t_43,683.0,16.5,42,693.0,292.0
ic_1,t_44,680.0,16.0,42,672.0,284.0
ic_1,t_45,677.0,16.0,42,672.0,279.0
ic_1,t_46,684.0,16.5,42,693.0,288.0
ic_1,t_47,676.0,16.0,42,672.0,284.0
ic_1,t_48,683.0,16.5,42,693.0,294.0
ic_2,t_1,180.0,6.0,34,204.0,394.0
ic_2,t_2,171.0,6.25,34,212.5,435.5
ic_2,t_3,221.0,6.25,34,212.5,427.0
ic_2,t_4,171.0,6.0,34,204.0,460.0
ic_2,t_5,180.0,5.75,34,195.5,475.5
ic_2,t_6,175.0,5.5,34,187.0,487.5
ic_2,t_7,166.0,5.25,34,178.5,500.0
ic_2,t_8,162.0,5.0,34,170.0,508.0
ic_2,t_9,158.0,4.75,34,161.5,511.5
ic_2,t_10,163.0,4.5,34,153.0,501.5
ic_2,t_11,159.0,4.25,34,144.5,487.0
ic_2,t_12,164.0,4.0,34,136.0,459.0
ic_2,t_13,160.0,4.25,34,144.5,443.5
ic_2,t_14,144.0,4.5,34,153.0,452.5
ic_2,t_15,152.0,4.75,34,161.5,462.0
ic_2,t_16,168.0,5.0,34,170.0,464.0
ic_2,t_17,185.0,5.25,34,178.5,457.5
ic_2,t_18,176.0,5.0,34,170.0,451.5
ic_2,t_19,185.0,5.25,34,178.5,445.0
ic_2,t_20,176.0,5.0,34,170.0,439.0
ic_2,t_21,185.0,5.25,34,178.5,432.5
ic_2,t_22,176.0,5.0,34,170.0,426.5
ic_2,t_23,185.0,5.25,34,178.5,420.0
ic_2,t_24,176.0,5.0,34,170.0,414.0
ic_2,t_25,175.0,5.0,34,170.0,409.0
ic_2,t_26,174.0,5.0,34,170.0,405.0
ic_2,t_27,173.0,5.25,34,178.5,410.5
ic_2,t_28,172.0,5.25,34,178.5,417.0
ic_2,t_29,171.0,5.5,34,187.0,433.0
ic_2,t_30,170.0,5.25,34,178.5,441.5
ic_2,t_31,169.0,5.0,34,170.0,442.5
ic_2,t_32,171.0,5.0,34,170.0,441.5
ic_2,t_33,171.0,5.0,34,170.0,440.5
ic_2,t_34,171.0,5.0,34,170.0,439.5
ic_2,t_35,171.0,5.0,34,170.0,438.5
ic_2,t_36,171.0,5.0,34,170.0,437.5
ic_2,t_37,169.0,4.75,34,161.5,430.0
ic_2,t_38,172.0,5.0,34,170.0,428.0
ic_2,t_39,170.0,4.75,34,161.5,419.5
ic_2,t_40,168.0,4.75,34,161.5,413.0
ic_2,t_41,171.0,5.0,34,170.0,412.0
ic_2,t_42,169.0,4.75,34,161.5,404.5
ic_2,t_43,172.0,5.0,34,170.0,402.5
ic_2,t_44,170.0,4.75,34,161.5,394.0
ic_2,t_45,168.0,4.75,34,161.5,387.5
ic_2,t_46,171.0,5.0,34,170.0,386.5
ic_2,t_47,169.0,4.75,34,161.5,379.0
ic_2,t_48,172.0,5.0,34,170.0,377.0
ic_3,t_1,140.0,6.0,38,228.0,468.0
ic_3,t_2,147.0,6.2,38,235.6,556.6
ic_3,t_3,155.0,6.2,38,235.6,637.2
ic_3,t_4,163.0,6.0,38,228.0,702.2
ic_3,t_5,172.0,5.8,38,220.4,750.6
ic_3,t_6,181.0,5.6,38,212.79999999999998,782.4
ic_3,t_7,176.0,5.4,38,205.20000000000002,811.6
ic_3,t_8,171.0,5.2,38,197.6,838.2
ic_3,t_9,166.0,5.0,38,190.0,862.2
ic_3,t_10,162.0,4.8,38,182.4,882.6
ic_3,t_11,158.0,4.6,38,174.79999999999998,899.4
ic_3,t_12,163.0,4.4,38,167.20000000000002,903.6
ic_3,t_13,159.0,4.2,38,159.6,904.2
ic_3,t_14,175.0,4.4,38,167.20000000000002,896.4
ic_3,t_15,184.0,4.6,38,174.79999999999998,887.2
ic_3,t_16,203.0,4.8,38,182.4,866.6
ic_3,t_17,183.0,4.8,38,182.4,866.0
ic_3,t_18,174.0,4.6,38,174.79999999999998,866.8
ic_3,t_19,183.0,4.4,38,167.20000000000002,851.0
ic_3,t_20,174.0,4.2,38,159.6,836.6
ic_3,t_21,183.0,4.0,38,152.0,805.6
ic_3,t_22,174.0,3.8,38,144.4,776.0
ic_3,t_23,183.0,3.8,38,144.4,737.4
ic_3,t_24,174.0,3.6,38,136.8,700.2
ic_3,t_25,173.0,3.6,38,136.8,664.0
ic_3,t_26,172.0,3.6,38,136.8,628.8
ic_3,t_27,171.0,3.4,38,129.2,587.0
ic_3,t_28,170.0,3.6,38,136.8,553.8
ic_3,t_29,169.0,3.8,38,144.4,529.2
ic_3,t_30,171.0,4.0,38,152.0,510.2
ic_3,t_31,170.0,4.2,38,159.6,499.8
ic_3,t_32,169.0,4.4,38,167.20000000000002,498.0
ic_3,t_33,170.0,4.4,38,167.20000000000002,495.2
ic_3,t_34,170.0,4.4,38,167.20000000000002,492.4
ic_3,t_35,170.0,4.4,38,167.20000000000002,489.6
ic_3,t_36,170.0,4.4,38,167.20000000000002,486.8
ic_3,t_37,168.0,4.2,38,159.6,478.4
ic_3,t_38,171.0,4.4,38,167.20000000000002,474.6
ic_3,t_39,169.0,4.2,38,159.6,465.2
ic_3,t_40,172.0,4.2,38,159.6,452.8
ic_3,t_41,170.0,4.4,38,167.20000000000002,450.0
ic_3,t_42,168.0,4.2,38,159.6,441.6
ic_3,t_43,171.0,4.4,38,167.20000000000002,437.8
ic_3,t_44,169.0,4.2,38,159.6,428.4
ic_3,t_45,172.0,4.2,38,159.6,416.0
ic_3,t_46,170.0,4.4,38,167.20000000000002,413.2
ic_3,t_47,168.0,4.2,38,159.6,404.8
ic_3,t_48,171.0,4.4,38,167.20000000000002,401.0
ic_4,t_1,300.0,7.0,23,161.0,341.0
ic_4,t_2,158.0,7.5,23,172.5,355.5
ic_4,t_3,166.0,8.0,23,184.0,373.5
ic_4,t_4,178.0,8.5,23,195.5,391.0
ic_4,t_5,367.0,9.0,23,207.0,231.0
ic_4,t_6,350.0,9.5,23,218.5,99.5
ic_4,t_7,308.0,10.0,23,230.0,21.5
ic_4,t_8,263.0,10.5,23,241.5,0.0
ic_4,t_9,230.0,10.0,23,230.0,0.0
ic_4,t_10,187.0,9.5,23,218.5,31.5
ic_4,t_11,165.0,9.0,23,207.0,73.5
ic_4,t_12,158.0,8.5,23,195.5,111.0
ic_4,t_13,163.0,8.5,23,195.5,143.5
ic_4,t_14,147.0,9.0,23,207.0,203.5
ic_4,t_15,155.0,9.5,23,218.5,267.0
ic_4,t_16,171.0,10.0,23,230.0,326.0
ic_4,t_17,189.0,10.0,23,230.0,367.0
ic_4,t_18,180.0,9.5,23,218.5,405.5
ic_4,t_19,171.0,10.0,23,230.0,464.5
ic_4,t_20,180.0,9.5,23,218.5,503.0
ic_4,t_21,171.0,10.0,23,230.0,562.0
ic_4,t_22,180.0,9.5,23,218.5,600.5
ic_4,t_23,171.0,9.5,23,218.5,648.0
ic_4,t_24,180.0,9.0,23,207.0,675.0
ic_4,t_25,179.0,8.5,23,195.5,691.5
ic_4,t_26,178.0,8.0,23,184.0,697.5
ic_4,t_27,177.0,7.5,23,172.5,693.0
ic_4,t_28,176.0,7.0,23,161.0,678.0
ic_4,t_29,175.0,6.5,23,149.5,652.5
ic_4,t_30,174.0,6.5,23,149.5,628.0
ic_4,t_31,173.0,6.5,23,149.5,604.5
ic_4,t_32,172.0,7.0,23,161.0,593.5
ic_4,t_33,172.0,7.5,23,172.5,594.0
ic_4,t_34,172.0,7.5,23,172.5,594.5
ic_4,t_35,172.0,7.5,23,172.5,595.0
ic_4,t_36,172.0,7.5,23,172.5,595.5
ic_4,t_37,170.0,7.0,23,161.0,586.5
ic_4,t_38,168.0,7.5,23,172.5,591.0
ic_4,t_39,171.0,7.0,23,161.0,581.0
ic_4,t_40,169.0,7.5,23,172.5,584.5
ic_4,t_41,172.0,7.5,23,172.5,585.0
ic_4,t_42,170.0,7.0,23,161.0,576.0
ic_4,t_43,168.0,7.5,23,172.5,580.5
ic_4,t_44,171.0,7.5,23,172.5,582.0
ic_4,t_45,169.0,7.0,23,161.0,574.0
ic_4,t_46,172.0,7.5,23,172.5,574.5
ic_4,t_47,170.0,7.0,23,161.0,565.5
ic_4,t_48,168.0,7.5,23,172.5,570.0
ic_5,t_1,500.0,12.0,40,480.0,480.0
ic_5,t_2,491.0,12.25,40,490.0,479.0
ic_5,t_3,517.0,12.5,40,500.0,462.0
ic_5,t_4,526.0,12.75,40,510.0,446.0
ic_5,t_5,535.0,12.5,40,500.0,411.0
ic_5,t_6,526.0,12.25,40,490.0,375.0
ic_5,t_7,511.0,12.0,40,480.0,344.0
ic_5,t_8,497.0,11.75,40,470.0,317.0
ic_5,t_9,484.0,11.5,40,460.0,293.0
ic_5,t_10,481.0,11.25,40,450.0,262.0
ic_5,t_11,478.0,11.0,40,440.0,224.0
ic_5,t_12,484.0,11.25,40,450.0,190.0
ic_5,t_13,481.0,11.5,40,460.0,169.0
ic_5,t_14,465.0,11.75,40,470.0,174.0
ic_5,t_15,490.0,12.0,40,480.0,164.0
ic_5,t_16,541.0,12.25,40,490.0,113.0
ic_5,t_17,556.0,12.5,40,500.0,57.0
ic_5,t_18,529.0,12.75,40,510.0,38.0
ic_5,t_19,538.0,13.0,40,520.0,20.0
ic_5,t_20,529.0,13.25,40,530.0,21.0
ic_5,t_21,538.0,13.5,40,540.0,23.0
ic_5,t_22,529.0,13.25,40,530.0,24.0
ic_5,t_23,538.0,13.5,40,540.0,26.0
ic_5,t_24,529.0,13.25,40,530.0,27.0
ic_5,t_25,526.0,13.5,40,540.0,41.0
ic_5,t_26,523.0,13.75,40,550.0,68.0
ic_5,t_27,520.0,14.0,40,560.0,108.0
ic_5,t_28,517.0,14.25,40,570.0,161.0
ic_5,t_29,517.0,14.5,40,580.0,224.0
ic_5,t_30,514.0,14.5,40,580.0,290.0
ic_5,t_31,511.0,14.25,40,570.0,349.0
ic_5,t_32,514.0,14.0,40,560.0,395.0
ic_5,t_33,514.0,13.75,40,550.0,431.0
ic_5,t_34,514.0,13.5,40,540.0,457.0
ic_5,t_35,514.0,13.25,40,530.0,473.0
ic_5,t_36,514.0,13.0,40,520.0,479.0
ic_5,t_37,508.0,12.75,40,510.0,481.0
ic_5,t_38,512.0,13.0,40,520.0,489.0
ic_5,t_39,511.0,12.75,40,510.0,488.0
ic_5,t_40,505.0,12.5,40,500.0,483.0
ic_5,t_41,514.0,12.75,40,510.0,479.0
ic_5,t_42,508.0,12.5,40,500.0,471.0
ic_5,t_43,512.0,12.75,40,510.0,469.0
ic_5,t_44,511.0,12.75,40,510.0,468.0
ic_5,t_45,505.0,12.5,40,500.0,463.0
ic_5,t_46,514.0,12.75,40,510.0,459.0
ic_5,t_47,508.0,12.5,40,500.0,451.0
ic_5,t_48,512.0,12.75,40,510.0,449.0
ic_6,t_1,490.0,12.0,35,420.0,430.0
ic_6,t_2,480.0,12.5,35,437.5,387.5
ic_6,t_3,506.0,13.0,35,455.0,336.5
ic_6,t_4,514.0,13.5,35,472.5,295.0
ic_6,t_5,523.0,14.0,35,490.0,262.0
ic_6,t_6,532.0,14.0,35,490.0,220.0
ic_6,t_7,517.0,13.5,35,472.5,175.5
ic_6,t_8,503.0,13.0,35,455.0,127.5
ic_6,t_9,489.0,13.0,35,455.0,93.5
ic_6,t_10,486.0,12.5,35,437.5,45.0
ic_6,t_11,474.0,13.0,35,455.0,26.0
ic_6,t_12,489.0,13.5,35,472.5,9.5
ic_6,t_13,477.0,14.0,35,490.0,22.5
ic_6,t_14,493.0,14.5,35,507.5,37.0
ic_6,t_15,519.0,15.0,35,525.0,43.0
ic_6,t_16,573.0,15.5,35,542.5,12.5
ic_6,t_17,550.0,16.0,35,560.0,22.5
ic_6,t_18,523.0,15.5,35,542.5,42.0
ic_6,t_19,550.0,16.0,35,560.0,52.0
ic_6,t_20,523.0,15.5,35,542.5,71.5
ic_6,t_21,550.0,16.0,35,560.0,81.5
ic_6,t_22,523.0,15.5,35,542.5,101.0
ic_6,t_23,550.0,16.0,35,560.0,111.0
ic_6,t_24,523.0,15.5,35,542.5,130.5
ic_6,t_25,520.0,16.0,35,560.0,170.5
ic_6,t_26,517.0,16.5,35,577.5,231.0
ic_6,t_27,514.0,17.0,35,595.0,312.0
ic_6,t_28,511.0,17.0,35,595.0,396.0
ic_6,t_29,511.0,16.5,35,577.5,462.5
ic_6,t_30,511.0,16.0,35,560.0,511.5
ic_6,t_31,508.0,15.5,35,542.5,546.0
ic_6,t_32,511.0,15.5,35,542.5,577.5
ic_6,t_33,512.0,15.5,35,542.5,608.0
ic_6,t_34,512.0,15.0,35,525.0,621.0
ic_6,t_35,512.0,15.0,35,525.0,634.0
ic_6,t_36,512.0,15.0,35,525.0,647.0
ic_6,t_37,506.0,14.5,35,507.5,648.5
ic_6,t_38,515.0,15.0,35,525.0,658.5
ic_6,t_39,509.0,14.5,35,507.5,657.0
ic_6,t_40,508.0,14.5,35,507.5,656.5
ic_6,t_41,512.0,15.0,35,525.0,669.5
ic_6,t_42,506.0,14.5,35,507.5,671.0
ic_6,t_43,515.0,15.0,35,525.0,681.0
ic_6,t_44,509.0,14.5,35,507.5,679.5
ic_6,t_45,508.0,14.5,35,507.5,679.0
ic_6,t_46,512.0,15.0,35,525.0,692.0
ic_6,t_47,506.0,14.5,35,507.5,693.5
ic_6,t_48,515.0,15.0,35,525.0,703.5
ic_7,t_1,145.0,6.0,43,258.0,488.0
ic_7,t_2,153.0,6.2,43,266.6,601.6
ic_7,t_3,161.0,6.0,43,258.0,698.6
ic_7,t_4,170.0,5.8,43,249.4,778.0
ic_7,t_5,179.0,5.6,43,240.79999999999998,839.8
ic_7,t_6,188.0,5.4,43,232.20000000000002,884.0
ic_7,t_7,183.0,5.2,43,223.6,924.6
ic_7,t_8,178.0,5.0,43,215.0,961.6
ic_7,t_9,173.0,4.8,43,206.4,995.0
ic_7,t_10,168.0,4.6,43,197.79999999999998,1024.8
ic_7,t_11,163.0,4.4,43,189.20000000000002,1051.0
ic_7,t_12,159.0,4.2,43,180.6,1072.6
ic_7,t_13,164.0,4.0,43,172.0,1080.6
ic_7,t_14,148.0,4.2,43,180.6,1113.2
ic_7,t_15,156.0,4.4,43,189.20000000000002,1146.4
ic_7,t_16,172.0,4.6,43,197.79999999999998,1172.2
ic_7,t_17,190.0,4.4,43,189.20000000000002,1171.4
ic_7,t_18,181.0,4.2,43,180.6,1171.0
ic_7,t_19,172.0,4.0,43,172.0,1171.0
ic_7,t_20,181.0,3.8,43,163.4,1153.4
ic_7,t_21,172.0,3.6,43,154.8,1136.2
ic_7,t_22,181.0,3.4,43,146.2,1101.4
ic_7,t_23,172.0,3.2,43,137.6,1067.0
ic_7,t_24,181.0,3.0,43,129.0,1015.0
ic_7,t_25,180.0,2.8,43,120.39999999999999,955.4
ic_7,t_26,179.0,2.6,43,111.8,888.2
ic_7,t_27,178.0,2.4,43,103.2,813.4
ic_7,t_28,177.0,2.2,43,94.60000000000001,731.0
ic_7,t_29,176.0,2.4,43,103.2,658.2
ic_7,t_30,175.0,2.6,43,111.8,595.0
ic_7,t_31,174.0,2.8,43,120.39999999999999,541.4
ic_7,t_32,173.0,3.0,43,129.0,497.4
ic_7,t_33,173.0,3.2,43,137.6,462.0
ic_7,t_34,173.0,3.4,43,146.2,435.2
ic_7,t_35,173.0,3.6,43,154.8,417.0
ic_7,t_36,173.0,3.8,43,163.4,407.4
ic_7,t_37,171.0,4.0,43,172.0,408.4
ic_7,t_38,169.0,4.2,43,180.6,420.0
ic_7,t_39,172.0,4.2,43,180.6,428.6
ic_7,t_40,170.0,4.0,43,172.0,430.6
ic_7,t_41,168.0,4.2,43,180.6,443.2
ic_7,t_42,171.0,4.0,43,172.0,444.2
ic_7,t_43,169.0,4.2,43,180.6,455.8
ic_7,t_44,172.0,4.0,43,172.0,455.8
ic_7,t_45,170.0,3.8,43,163.4,449.2
ic_7,t_46,168.0,4.0,43,172.0,453.2
ic_7,t_47,171.0,3.8,43,163.4,445.6
ic_7,t_48,169.0,4.0,43,172.0,448.6
ic_8,t_1,180.0,6.0,40,240.0,360.0
ic_8,t_2,171.0,6.25,40,250.0,439.0
ic_8,t_3,180.0,6.5,40,260.0,519.0
ic_8,t_4,171.0,6.25,40,250.0,598.0
ic_8,t_5,180.0,6.0,40,240.0,658.0
ic_8,t_6,171.0,5.75,40,230.0,717.0
ic_8,t_7,166.0,5.5,40,220.0,771.0
ic_8,t_8,162.0,5.25,40,210.0,819.0
ic_8,t_9,158.0,5.0,40,200.0,861.0
ic_8,t_10,163.0,4.75,40,190.0,888.0
ic_8,t_11,159.0,4.5,40,180.0,909.0
ic_8,t_12,164.0,4.25,40,170.0,915.0
ic_8,t_13,160.0,4.0,40,160.0,915.0
ic_8,t_14,144.0,4.25,40,170.0,941.0
ic_8,t_15,152.0,4.5,40,180.0,969.0
ic_8,t_16,168.0,4.75,40,190.0,991.0
ic_8,t_17,185.0,4.5,40,180.0,986.0
ic_8,t_18,176.0,4.25,40,170.0,980.0
ic_8,t_19,185.0,4.0,40,160.0,955.0
ic_8,t_20,176.0,3.75,40,150.0,929.0
ic_8,t_21,185.0,4.0,40,160.0,904.0
ic_8,t_22,176.0,3.75,40,150.0,878.0
ic_8,t_23,185.0,4.0,40,160.0,853.0
ic_8,t_24,176.0,3.75,40,150.0,827.0
ic_8,t_25,175.0,3.5,40,140.0,792.0
ic_8,t_26,174.0,3.25,40,130.0,748.0
ic_8,t_27,173.0,3.25,40,130.0,705.0
ic_8,t_28,172.0,3.25,40,130.0,663.0
ic_8,t_29,171.0,3.5,40,140.0,632.0
ic_8,t_30,170.0,3.75,40,150.0,612.0
ic_8,t_31,169.0,4.0,40,160.0,603.0
ic_8,t_32,171.0,4.25,40,170.0,602.0
ic_8,t_33,171.0,4.25,40,170.0,601.0
ic_8,t_34,171.0,4.25,40,170.0,600.0
ic_8,t_35,171.0,4.25,40,170.0,599.0
ic_8,t_36,171.0,4.25,40,170.0,598.0
ic_8,t_37,169.0,4.0,40,160.0,589.0
ic_8,t_38,172.0,4.25,40,170.0,587.0
ic_8,t_39,170.0,4.25,40,170.0,587.0
ic_8,t_40,168.0,4.0,40,160.0,579.0
ic_8,t_41,171.0,4.25,40,170.0,578.0
ic_8,t_42,169.0,4.0,40,160.0,569.0
ic_8,t_43,172.0,4.25,40,170.0,567.0
ic_8,t_44,170.0,4.0,40,160.0,557.0
ic_8,t_45,168.0,4.25,40,170.0,559.0
ic_8,t_46,171.0,4.5,40,180.0,568.0
ic_8,t_47,169.0,4.25,40,170.0,569.0
ic_8,t_48,172.0,4.5,40,180.0,577.0
